-22.5767278727108
-19.963010347440665
-18.23993702675714
-12.37536272694924
-17.23384858547458
-18.976748037011216
-8.421708296332902
-21.587021167249574
-18.60887442138084
-17.58438981659872
-16.709115210230966
-24.381827632063768
-26.801562209318135
-15.217123931837719
-12.543415976882725
-16.852362773239065
-2.8522062465730262
8.301795005758118
4.892150869982859
-3.3549139150691385
-4.621953480536509
-4.059527178829587
1.196702316459123
0.05210138063177107
-0.11752231733789328
5.292644471798288
3.5051414116149857
9.05680730186275
-3.571685549096302
0.7397188697458053
-5.0171764909594945
-6.354609763961431
-2.5442927773135393
-0.5409798994834638
1.8764363562342454
0.5796282385603728
-5.927105971637568
-8.738744575505152
-6.106095191653114
-4.871979396334831
5.745593710944435
-5.34100970139252
-2.3564339316656056
6.982737295377782
-1.0101400350360517
-0.9050899935457457
2.468644181813711
-2.0218610865849698
-3.972144656462077
3.4509080357535664
11.462373624583556
3.6359072238298378
6.481549479244989
3.4568395130427247
4.799469091730415
3.02683506850085
-1.0974539139056523
-1.1443532381932677
7.58234686856227
4.1025030044361515
-0.48470500694257546
0.7886301424223934
-2.9327114022997973
-3.015230528402295
-4.132700477038526
-1.9884601952936678
-0.3923367746088002
-10.596604810238507
6.17634371821867
0.6668204978143193
-0.7690956266199416
8.076813056997214
0.6485724095781251
-7.732711416448322
-5.10824255201576
-1.3718558140904256
-13.772575848516313
-11.587904687108947
-7.3896780904515555
-0.35312661077760743
-3.042160760008362
4.216109604913212
-5.35482498523356
-4.588759829089241
2.8620644656252168
8.709545817274137
9.370352708961065
6.323308184873114
4.9830028676712335
-2.130483962082264
4.875658682384245
1.952471996813353
0.20826734103192962
0.24292562450178593
3.9492581275953786
4.942587096856436
-1.2095258722396758
-2.9807063028655207
-5.14757776796894
-5.2475096414105575
-2.6338393467333803
-1.2007983330952803
3.4106444237590687
-3.4649612741617135
3.952059895830773
1.5305733580711762
-7.978206706815052
-3.490433566677085
-0.36024245544147393
-2.365190527039194
3.8749579296060146
4.652057614367638
3.8692148923576957
6.855807504737239
4.220690339909414
-1.4111614680289921
-6.221553067773601
-3.934873016439065
-6.397666353906698
-10.34618496361119
-8.700378755927645
4.68737668283874
1.728369024208436
-6.010820668490222
-6.0352588246372365
-8.024546421633378
-8.061477092139574
-3.771493791708891
-8.07132732990549
0.17545048389179696
-6.296481926343769
-10.182856267434326
-9.843917182148255
0.8717664645716325
0.8165916007760265
-1.3688452308982704
3.0942102739254245
6.503198829175004
5.507684693774961
6.540882231874225
7.364500835732447
2.7769653910425873
10.250847255858096
7.519797280898257
1.870332464092566
3.2007251410379123
-2.4293500340073924
-6.620435691906876
-7.308452222356653
5.123771946749446
-1.9112147313166181
5.200973313305695
4.996354095490992
13.05071477107651
2.806124688996319
0.8708361287948879
-16.32235906960644
-13.477219033450748
-10.42586766675343
-3.2475850835133135
-6.431634100253509
-2.5769785794927627
-7.107821144651515
-1.3949539991056996
-1.5546330079278938
-9.796102358748335
-14.554591433565562
-23.007899154286658
-15.293777831958923
-9.087706222086013
-18.77923091984659
-10.143943942968427
-8.10032619930318
-4.698693083652719
-5.2528125328179005
-12.065958894278229
-4.022728759750416
0.2602793392279411
-1.8504929417415596
-2.4111977580019754
-5.7987890340931605
1.399196590689796
0.22954912166809455
-0.8129918866701222
-3.9822183136259737
-14.777021338477121
-0.10591075313257192
-1.607935268623922
6.53175586862838
13.24979695587408
15.167520201762459
14.125938698724582
2.893155933681468
9.731569273271845
15.452339943777314
9.858035913188862
3.693443114597957
9.158959249543319
5.262192900416734
7.343326028648814
6.113395372244063
5.828881236139264
11.035612428674748
14.739530661779161
14.165698738749935
8.045134157573141
25.623920522556173
12.368116307431755
20.24765203997648
18.98451539581487
8.94588026623296
14.264841426212842
15.345883778355267
13.755070466359347
18.539187571835335
14.498851486922872
4.096809852719885
-5.13538230721392
7.483551023837531
3.4889953478516063
8.150698662336408
5.796364881452981
1.4909233693689181
-2.2731334840739024
-0.013101811590969636
6.856589467411295
5.801742081487504
5.727127429237386
8.5704317411367
12.527219461679035
12.378785305885948
7.963505772942278
7.3806891250124
-1.2627783457055606
8.452643909436501
9.179961924239368
8.404477485132654
0.6963339328957119
2.0613500648385683
-2.298899258686299
1.9184799700037467
6.448486963928028
1.992008795979657
-0.1435803316469628
-5.805209352485178
-6.022419444894257
-3.1741098437548305
9.570343302128148
6.559580358937046
3.431255859710853
8.238012654164077
6.1320636568608045
7.643348407297306
8.53279664919618
12.004332160757924
18.46850192124625
17.290862076809425
11.369876558606238
7.059352544010322
13.44263908704508
2.29051852609192
6.081357440071092
10.388227464545503
10.54625124218093
12.52514666374382
17.747369088829057
18.888772714255353
14.622602026943232
8.833444938671601
3.064875498603017
9.310018447987966
9.451515100856296
11.253077555279202
9.41583808906038
1.41103788948191
6.046090673439296
11.770716402306817
12.248260221843516
2.9064779504749656
2.2568077123639316
-3.3779304458676487
4.870941740992495
6.983028644296715
-0.27832821362898613
0.9496520442499014
-1.118231395693821
-0.08679302390827603
-12.135194303497203
-11.184275777715921
-7.994725779769656
-6.963030539803419
-18.880053106883416
-8.199043209198653
0.44518816804164035
1.193107077412726
-1.0969355812005135
-6.2658396582903775
-1.0364693644484966
3.7150318810277554
3.3405985863009753
-4.287176609343748
-1.638926760429824
-4.915587520413019
-8.428308701675174
4.195138349987861
5.41252436686248
1.7772035367981576
3.933231195822848
-11.464999145219263
-5.879441588596456
-5.689814976268114
-6.730272204512144
-13.811950500794726
-19.01073047764869
-17.9025920743187
-17.206038371153607
-11.036675686556991
0.710204589431688
6.915249549478995
8.555701791859258
8.549750330314932
7.222641403809633
6.405169548613342
-7.002659289237308
-6.831976104759477
3.43104606253048
-7.473267775300244
-6.3971399070279364
1.5234885925328783
-8.559370878005309
-10.633748536191822
-3.0357611057887066
-3.933953181570698
7.724719989593139
9.488021632377441
5.389384597780584
-1.4707947013920077
-2.0765129574789207
-3.4627067090705745
1.2245476815733523
-10.485643027696035
-4.271741061374613
5.995365585429628
1.4457869667028866
2.746790855042152
-1.9932983908256887
-7.463783837380056
-5.568647293641552
-0.731816862496501
6.890903436452703
-13.835988436975459
-13.638196802970812
-2.452290996277169
-7.210541451041051
-5.853786252104902
-8.962366809800825
-8.067619415991484
-8.64974378070235
-9.47594126999139
2.156695504783379
-4.663599734308407
-4.120581123931936
7.134881676178823
-8.19998632237709
-8.352431101929147
-4.118944078090225
-8.527490579894561
-4.730074377841337
1.1568541624126563
-6.559671646689699
-11.050205039992518
-5.7785057907822885
-12.585898764711184
-14.29606710584022
-18.457519970622133
-14.582621851990261
-10.71576100612008
-14.857128244883368
-14.780959115450411
-14.6934462248481
-9.477363112921049
-6.752569707785528
-0.33885627603855506
-1.6598886003025315
-6.745545704025922
-0.5951361500248152
-1.3225785161478738
2.097492375941744
-6.444852002541764
0.3298349514704665
0.6091388367496529
-0.17495620984781687
10.299121739395074
7.816596310765229
16.186264085525664
14.836946702946104
14.089150710514867
3.6332178852650316
1.1023030826932738
-4.098007465963405
8.359180770449706
1.508935324590757
-0.9109447338371053
1.8494814324659439
3.3125091159569635
0.29104566983029256
4.796539114949658
-2.6660899003257903
-0.8883625042923633
5.2248473597663345
12.578439028822068
16.171745300388572
4.9709056740363415
-3.9632495324208215
4.847039231343665
8.049176491338686
2.8737264722101283
4.46193441900837
1.3624541648653665
5.64107096150385
16.519242454389914
9.301549461566927
14.487570192604435
10.505066368961323
3.2710070939816505
15.226267921408262
11.383453434055822
13.526804253813332
11.444881892447235
3.520890907933125
3.037183849649698
-0.5775457322800138
1.678552885079942
1.5674292928740272
6.5414573077146345
-1.6389676101546744
5.319962357022351
3.2848395116304028
-4.333132902666501
-4.26851209524102
6.571797798164768
1.8633982978368355
1.6358968278859907
5.689621869775498
11.217669046417546
12.941973687313764
15.916193358727126
8.42102122119406
13.747094211955913
13.45021264416765
8.46346942892248
3.772969632773152
4.856818985283289
12.374575033338555
13.02798048214255
18.1984598340297
13.510048013615757
7.398815502627942
-0.8982038041345485
-0.48589087747199894
6.6123636725888755
14.099114738258407
14.84131039508284
-5.686274321501563
-0.758038736453322
-2.4060084375005912
6.005298070245018
14.862252633241042
15.328951301656291
15.233793114878072
16.175902470150238
9.93477730970995
12.56567712939817
25.208623545707667
11.415941284098505
6.251048316489307
8.182538835956075
12.26336001424665
3.6437088901852177
8.624791740045438
7.81982058517145
7.6785059486556
7.387347314520145
4.673541145715304
5.9456555677005944
5.296001890837765
-5.847869174944433
-2.8410555623893123
7.434581044335683
6.653778867769519
7.2414811214693415
12.010172548175637
14.985077121696577
9.040608850808452
5.632354842304332
6.596074012124681
-3.311406514423739
-3.6663074624183665
5.111187706626625
10.048201560587895
11.098237640467659
12.41966053762447
12.419713417290339
7.566989503485377
14.410187057270175
8.411383679733358
0.9128896939161367
6.515726164424535
15.277417978699734
7.19159577614629
10.738833918221967
8.516503188780225
6.876533737609929
3.4819845458606236
11.121231930545086
21.087226793147295
18.50054752530126
11.490221513052795
9.546988523170787
9.732990777603797
13.698979646582309
19.21441863698133
11.489551559739272
17.683425783984802
13.106723414905588
6.7661659340839355
1.2871007386682276
9.924238147128781
9.423833391417949
6.505589207144658
3.9256878756196736
19.91096443776889
17.67401110631216
22.456294534339783
24.314774683417603
14.194457586419311
17.257110209987783
19.29518950270579
11.256398181141522
4.74481393955427
-1.7303774843112094
3.2596789325123474
6.256372124821717
10.602650057086043
3.935654039689826
1.3480064372968368
7.708377526020131
15.236184476660043
4.883532135477841
11.535494588845971
19.789099532794875
4.248064272865621
9.203944999507073
10.017090891225989
4.991373615337595
12.263417494908275
10.554058101232489
9.282252163977157
12.601597927127182
12.387029422739547
13.312251810649542
2.0276773067526497
13.738936239682232
24.033465896861426
25.657377814307175
20.757920655901934
12.12013971734567
19.877372920342097
16.321081547000418
16.87031538466592
30.41518976394229
23.536428847820844
26.988776623217046
23.16782894434757
9.23734400944359
16.366360916167796
17.917639277093464
29.70157154716835
18.012244115850127
7.963214866643039
25.90371110328451
14.163923976435289
20.56999735315805
13.84114700430503
15.84976597392755
31.594905638940038
25.821669888220686
27.241642556230605
27.030502321693373
20.222285516270965
10.730719433159638
5.618639714596386
3.890176249583736
7.6153006232046145
8.895595776966713
4.304934895237605
0.304824917134774
7.795518780581242
12.06547974659308
12.81322937049782
15.964760822121104
14.245068040304785
16.335168779596113
16.50480652131142
23.28282153139234
10.4667965980362
11.309317179976235
18.234913444933806
10.80418576293751
3.6153210615361813
8.74021669413638
7.7270750207949845
6.808440597363623
11.985244498105196
4.728400885485127
3.637284158611935
5.052711683919199
12.732775056189631
14.696010772594452
8.741906273812594
9.62745041702131
10.060792050813454
-4.900346806281248
7.734832038222569
10.925631498032992
7.55583939109604
10.320051896747412
5.442696496486567
7.4429983380345295
3.750060412348461
-1.6096109509864083
-4.767828708916312
-5.744178894983795
-16.391196709578374
-10.461548473275036
-13.855539476987861
13.149551968804987
8.730310196760545
4.646141166638447
10.793547666725612
-7.917487593948369
-8.40277811948543
-7.016920616922498
-3.359961481099769
-6.617352829466709
-10.021852781134083
-3.0932098829081864
-0.58625480273387
-3.886561375825251
-6.622830878571543
-7.483240322335614
-3.8244916085528153
-5.219845223672727
-12.608357008198855
2.636423116603251
0.6899918021826783
6.86825816897119
4.753868179509576
-1.3321451650083918
0.6811584640773818
4.414231069854312
13.813397631557656
9.094374265471558
7.118581015021977
8.739129825942918
-7.3896249618313545
-7.164966711629833
-2.033544896765935
0.1381185418633208
-6.43566262657925
-2.6917848980276267
-2.3981596637854747
-6.838311734804106
-7.534962293135273
-19.486664962703852
-9.590351685278307
-0.47380682111080585
0.3554621043976686
-1.7160974347122488
-0.8131022885249185
-0.07409749122144191
1.657359724620193
1.403168724183676
6.072469736029927
-4.389884788568464
1.2740593719984863
-4.002519494828814
-2.0053523171539127
-1.2621933875828817
-9.674836139242025
-2.588765293214677
-17.55102171570521
-19.22351111193485
-14.053519850059637
-14.503647217197415
-14.061809164665144
-5.554217614658958
-4.317083445331691
-9.461796046610662
-9.899416818743582
-15.468055402797843
-15.48143500402656
-15.320077867133792
-15.859257006177295
-7.559571326939257
-14.89577592829881
-3.2695394658001735
-11.707465522733859
-8.473795299906163
-8.026701601581008
-10.985367867762946
-0.3045315851288354
-12.72573998495254
-16.27297012509597
-21.441091546542022
-10.915204539777436
-9.819937308981542
-13.309834465220822
-11.315802914447048
-8.529134846630527
-11.368144350589125
-7.397253138599341
-8.595124758038919
-4.006315449076573
3.202857272001353
-5.509003481624629
-1.2562271268880565
3.542058979713871
20.540627782532273
15.681563271684745
5.0362709707837015
14.051173687724097
8.633644743016703
2.8698309949786376
1.7034921519438209
-0.18503925255989154
-10.768550978837618
3.0726885132691035
3.9032818469219306
11.396129126798101
2.027783680789226
4.9779297220587635
-1.3698164345323014
-2.7040079764574356
5.4053220465112055
13.642314048594411
-0.8183629917109393
2.796881074031691
-0.11177065527820915
-6.441819313318337
-0.08551146468455333
-2.3283228589920704
3.4245121688479916
-6.90724344771708
-6.803053849658269
-10.048313774251994
-4.27324002094963
-3.284167854475096
-1.3279458719789394
-1.214625540646469
1.160812490805055
-8.396981900957744
-12.55821419344731
-13.702104542494233
-6.418622033675021
0.1963810328823573
3.4658268651597037
-12.007955165368626
-13.183268553193441
-15.911546755822666
-9.191744176336302
-0.10824108010541429
-3.351640406039808
-3.6945694829428524
1.7349855078452197
-4.41451071057684
-3.267014369478982
0.12089323001370457
-3.949662056330814
-15.019256422426126
-1.620211571446578
9.201632113648296
2.445249440543045
0.7464661122540238
-3.618552406611328
-12.260114361215757
-10.579105696970243
4.413216074385288
-1.1152240935477993
-2.9380432533572365
2.1754388674125744
4.871085667458565
0.6676412539574538
5.627101618223827
-0.05748541689854812
-12.140882847332506
-15.27180476644623
-5.687169842109402
-12.749465768244617
-7.315200424687499
-4.1564198847676
-2.1740193717275615
-18.535014349691174
-5.761660542599982
-8.382271046475156
-5.83832660482455
-3.841754135003852
-7.027157112481328
-9.713791214759318
-7.301833065142743
-7.466402312993331
-6.630845960331029
-5.73534684431613
2.27708458805101
2.1047545021074066
-11.713203200984609
-13.6675650082992
-21.48219017487813
-7.984518835089636
-13.537704390447082
-12.256411821281086
-15.637323255791385
-18.213582173620882
-15.264085123544204
-10.779916982411422
-7.570507814011261
1.6922803856953945
0.6937794592486628
-5.431240063562443
-2.25834287260246
-6.909793851139541
0.5808126790764228
-11.576386424178615
-19.168538432817755
-14.200185106528176
-19.253733411599786
-7.2794371197525765
-13.25664046754894
-5.8034367258477895
-18.339731152923417
-2.417638409388244
0.6932950446084998
-5.05604655691048
3.8241603275569624
-4.42131484667674
-12.009505585238976
-3.7190261897077823
5.040284992342055
-1.1283311864940393
-0.0024633625524285965
-10.47131795194793
-11.226909841388537
0.6554141350449315
2.3917142727959515
3.0801969405197034
0.4820485698364068
-4.439385539588036
-3.353590458854357
-6.785847391645104
-5.855679252592916
-8.608988678514377
-13.670060096727417
-9.479949452927757
-1.2758512971837135
-2.961361227596125
-11.064180012923524
-18.98115515820936
-13.35704938995291
-3.5906041142171414
-4.660604616257087
-4.771594138041593
-2.2328110607416427
-8.297503683408493
-6.130680966677628
-3.5081013126375575
-3.1367366536083474
-16.742075310872618
-15.693532866584132
-8.947855388458528
-7.944128756827272
-2.4315128413958167
-6.937120038831469
-13.46092544325121
-3.8909924972703247
-10.888229721915696
-18.39988315472579
-12.359032808588386
-14.905475739079371
-6.316659742155193
4.108870794865572
7.634752280641428
8.831815967337317
-1.3085981862156049
-1.0840987684520378
-4.169832632413202
-3.0525290494482893
2.049592016380816
-10.350456821682732
-9.88202586258639
-10.102247230714143
-3.022477474741626
-6.848329932267632
-7.977244127611804
0.26973112050397907
1.9129045580218087
3.1171476872204877
1.771186696410325
-0.3370442430634868
-9.662166037640018
-3.070741664125869
-3.680371012462297
-13.225507905671307
-6.9324556882150965
-5.373449447387976
-17.795219530796384
-17.967536274409348
-17.74053692246342
-16.653080934663976
-7.475109594722466
-14.760568140916803
-24.693102008975096
-22.816164878499524
-12.843156546111537
-12.999280097384304
-7.026961294076374
-4.567139525291264
-13.822860289253738
-9.782688171109884
-10.314078320910099
-12.990324585154267
-11.050193087671687
-17.1199251314196
-6.911606201262471
-13.871119523859575
-13.050184074332051
-8.562838934831014
-6.667092606085721
-5.588652160759154
-13.44167240698231
-16.823999162685976
-24.253722724199104
-10.062111212059984
-7.158192717757229
-10.537568055136736
-7.264557481926307
-6.341289907974328
0.7818368253755177
-8.02894357117536
-10.7088124593047
-9.08179748394523
3.8114685833262203
-8.189274659431788
-9.656473778210863
-2.5868170426660213
-0.8326075305973946
-1.4631525776308436
-3.4238165419599857
2.0719919908487543
-1.9403083847398932
1.9922190505037958
6.779856497975528
1.58192818385969
-1.9339810799054908
-5.447792394666288
-1.4260867957790024
-9.791430046214636
-2.7296891967093058
-2.997006960570165
0.8315379415570061
-4.796875617294201
6.545621387242154
8.015007958579684
1.6490423574533695
-0.3667127815813458
-5.03921698976594
-5.652040860327938
1.3022893266669089
1.034695318982716
3.0443334045411747
2.567302284120177
-2.38386800368633
-5.601818142883673
1.8148040494621824
-1.3870647490671126
-3.9272199867293267
-7.0922211050518715
3.1598422780824817
-0.6285181174869228
-5.052758771939136
-9.014546639364726
-13.849016691603921
-19.253572111011927
-28.836846610294288
-29.235495585116425
-33.56534050978016
-30.597393228173644
-24.039988524465528
-25.88644719718082
-25.359323985376356
-17.72152566569607
