6.875965402536691
9.929371433470862
8.462207891043374
18.40152464936935
11.134168023400775
8.752091377918036
16.705257767621788
5.1826484664865955
8.07551737855125
5.042501083177052
9.148145156918499
3.062636872847055
-2.080369342476527
11.141101517650597
10.880194637518532
18.222903577850374
12.10233513448516
4.068215594535507
6.154927624821111
3.077664666432349
2.6032812649555694
0.558974323740622
-4.14794959185355
3.3486179701464636
6.303737963194981
9.500275504786664
6.686718249840488
-4.98338858584343
-9.763948710903177
-6.4728073836239055
-3.110444294852531
-4.5141972418120275
2.442722347699071
-3.685704741613142
-5.620326901079153
-4.487277898380141
-2.822328549657513
-4.219339066264039
1.891312769603458
-0.8464133563744345
-8.258471234258334
-3.4563061037068
-5.724026075251399
-3.355362320719355
0.26980011829111383
1.3971612180038533
6.949991104357638
-6.090774812869888
1.349481571826414
-1.2142424964345366
2.7693816724391924
13.281566147273764
8.500400854162221
3.046162313677641
0.278858252060064
1.0706792131683196
-14.056347533564306
-14.732362210976287
-14.41543232107314
-9.953444718513376
5.412068700012368
8.570789865705652
6.835112335959556
1.6725705397309722
8.960568826685122
1.3447659089461914
1.6437100577306814
21.129342860795823
18.685534968780217
6.021507568526511
16.69074593595426
7.84154831325438
5.111483260215556
-2.734295177787585
5.828226296303069
-4.4761861294740655
-9.15155400504511
-18.68313169296968
-11.092582712903752
-17.142504143474277
-7.763953736130979
-6.258891046926628
-6.030963256638739
-8.668612610459613
-3.0341143423927637
-10.796723942696723
-0.20594167364373916
7.066448891154286
-2.4263298318472932
-1.9291624410616013
0.6194755386694677
-5.889582231745743
-9.460054967172645
-7.733196843686374
-11.858159774211869
-15.073348435745459
-23.586733565884753
-11.743549592333698
-11.069829092572533
-1.1780330569808575
1.259149248656486
-0.44593034652700414
-12.327639003549354
-5.516291019958704
0.8961625284418506
-2.515071173109021
4.277135609577786
6.405556016011838
-8.952022064912125
1.065738961853996
-5.69889075656235
-3.02214796067555
12.793758090582175
9.367585458908612
6.221010380131078
5.160948551773159
15.627079845459468
8.95627066617592
18.207429786296707
-0.5180369519693793
-2.976793271407942
3.624919155029291
-4.699640695166749
2.1555179075914705
-2.621620689026109
4.729115263337794
-13.333211907254823
-2.8988085180077015
-4.005167471360876
-24.21235969265398
-5.962541483085065
-1.775002006123363
7.386722649920024
2.526878975529971
1.3804862529676214
14.583028116128403
13.175639720562796
15.881728987296395
14.717894296322795
11.179842529364132
1.392457892484399
0.676013418966829
8.057125552755732
4.338308225930268
12.17758729434828
21.481594194775912
12.260628804570509
16.790772942430188
10.06171559521033
1.6582955313115435
9.94223763454938
8.89893027888489
1.2406614987475129
8.57527892684265
4.97730110168038
1.6454854499028038
1.274251054431255
-0.14716857071769196
1.124147731981087
16.014578043765663
8.107675483968915
8.450228756627233
18.189161021438878
22.28554230402444
22.35598799901955
28.5630852421384
18.311915610085165
18.88734582157091
18.34163503003589
17.526399060756308
19.7590560080639
11.968378017159377
11.051977181241895
11.58820511294874
4.244451633141324
21.75496765203893
15.68537042439359
24.578403374454936
0.4604239638311798
13.37232261488116
13.902730137652911
15.655642779360353
13.50138726251323
3.583042088372277
2.301994718203998
-7.662333777760036
10.975197992558464
6.262165244147031
10.10603696638834
2.3930185137118754
2.286455808192379
9.70418349812294
7.212949744795097
-0.3801243356935713
11.359507466965624
9.899427580799136
4.806966198559885
1.7886229397964735
9.060998350323104
-0.9657392057198289
7.336014422800082
5.968070971564496
4.71639384058321
4.262756272497688
1.9227502245204557
-4.635947247686881
-3.7811418008713726
-14.783689035294598
3.6496672238164987
9.063306380159936
5.382681794158954
4.508858958798887
5.181925218125344
5.397946001847723
-9.597867573656176
2.0313655476702683
-4.425552854528085
-8.786402480763199
-13.970408817383042
-7.947991891691792
-7.8705074780844
-4.2799278739369155
-9.450551490274872
-26.234469463907285
-19.795704797253
-9.536098684937098
-5.550769330144451
-8.984570725159323
-13.739872131493826
-20.572333409146673
-14.082737622991608
-8.61286898147202
-6.038334763315762
-14.151930288792434
-1.8909955339308775
5.598090712420135
0.06773279987492486
-2.8069684764909066
-7.752945156064699
-1.1640001301190424
-6.903426912878055
0.765723295846577
-2.900925585218297
10.883799621050265
6.632736816824068
0.6706047764984149
5.700781544000813
9.909125379939022
-0.6095975291780604
-3.396557763855247
8.893583984128785
-6.40785791913677
-3.9171872147916424
-6.64523514222811
1.8299852631606444
7.640966041915835
6.042977861380161
2.546622951587271
-0.8179190645258811
-9.006271431069784
5.429540988814177
2.141883827703599
-4.711727960018937
-1.9244183036005111
-6.9710305387405285
-3.9575255024811007
-4.323070580995159
-0.7370056915651881
-2.783608801493024
10.781163523233591
8.245426523497969
11.526496690260277
11.870543882577374
14.029613899380621
21.86538160382947
-2.9081317006614316
5.3366102082258955
9.265410059201658
7.454533516696703
15.53493231256602
15.301403839937077
13.850780081717364
11.2791573171465
4.481527146153919
3.3462359345045405
9.61829514253372
-2.435855933737357
-4.7509517708848765
2.0462817047856543
1.5534020261015828
2.4836140063956385
16.097557653815226
8.505402891184309
-8.91928170915354
-10.237838717350234
-3.6234790513018096
-6.169765489361534
-6.9014205307449945
4.355808809086747
-2.9134525926956387
2.7730818567238273
-3.9419910177499355
2.1131579285301862
5.630101737998495
12.189790336215461
10.568075496803207
8.3625819800542
14.90659482868442
5.032139962049572
2.0654439895972274
10.54615220829387
6.952784524348573
17.387521845341396
10.254626104812065
17.91072229459087
4.735018108528848
2.2794164396667362
12.47812649643389
11.107994863162526
5.224730818936205
4.479489053745668
12.664089905147243
8.835878860915262
4.712121060109444
-0.8269261216684729
-18.809501557305765
2.421992454941165
9.888274293871685
6.227446871655033
-6.099697287988384
-7.060724938316023
-4.926544105346213
10.940542034910152
2.4192480020546756
10.67510812611874
16.684891022185926
9.044553797309437
8.519056662270192
8.876848577961756
7.232206638624573
17.865534500780537
10.299151187087077
-0.12985879397962208
-3.8758127851395043
10.103677004665755
-2.403962016317096
-5.047993111344313
2.655502488189404
-9.462688643814168
-1.255754748138199
4.272325143487906
5.389811149745446
3.7505647770652732
1.3809681162029346
-10.992324319754486
-11.125369595267514
-8.413656343150233
-9.393872105273179
-10.960682440271011
-16.50676080754496
-4.423256080697675
2.9955672232792754
2.763719582951352
-18.381236794040454
-11.2644965132659
-16.767432279994924
-25.093271540723293
-3.374954729266216
-1.1523670548446212
16.931986570633967
11.612532902036182
9.507792462250901
4.360023544176361
-0.27895287531491775
0.547898982715771
16.075257351521056
9.003993094695865
4.568192937824069
-7.000642178702845
8.851219269685888
-2.0554890020799714
0.2228809356254562
-4.928823609586981
-3.4730677414342246
-0.27144915498814015
-13.135249878312965
-2.5702191678693067
-2.512323398232777
0.10773530369908002
-5.164041196979623
-7.252001112631202
-7.159062780729549
-14.979320910159942
-10.530764970075065
-1.1173018382759086
4.450200701414252
5.9993146339234675
-1.1743405053372564
-0.6397888421151929
-6.228910250957284
4.453260569486345
14.215565316894315
1.21277975662648
-3.985684717779911
-18.042829862298
-14.624571503271447
-6.710241617210565
-0.30622062636494807
-0.008697697363769574
-3.2670417854954703
-3.311742934660087
-9.43729840604463
-14.340928725183353
5.035941478951628
-8.525078509267153
-6.623596504884723
4.428650590187621
4.744286620614768
2.292870430801439
7.422855471359885
14.305118016197946
8.045683931383124
3.7736615048625386
12.345190238294297
8.093242991761805
5.320579633184066
10.261696247898836
6.494951713335618
9.700245238211053
6.394958968914411
11.528322898023234
10.888045030731178
-0.7031372026156588
-9.274863953811913
5.909841852500403
6.29820815326005
11.015662389033245
13.539790006487282
22.980088988790285
17.51920506478479
19.517380221211557
13.185246134724487
4.74059869765402
20.417539039257164
5.095121702043556
2.288209507242574
4.964785106845118
7.378303431170122
6.5917716651695475
16.963645978120148
13.700876180071937
11.070065767517665
15.864764792120772
13.25216321789966
13.318397123782376
10.016345558305229
9.112106731846032
11.203601071468317
10.317094302681781
2.1115018277473228
-10.478565516336992
-12.086055421261271
2.4303987955123767
-2.978483290207437
3.9601646304101585
6.311585401778768
-2.1394707917052127
10.392368990817808
11.105847532842596
3.7502125193923916
-5.237627519030982
-7.5175237677603235
-10.15197444746508
-1.4823678414581165
-5.5462386853014465
2.2227455270731387
-9.796537691639003
-16.778979935690934
-1.748246154618382
-13.309338133858763
-6.8486883837846175
2.7959782285497266
-3.3176521861159785
-5.400893406409603
-20.53701602542133
-1.0086267478479423
12.693130782094483
10.433910207787656
4.415840760122028
8.019683589840223
15.08171592120492
15.91144521345953
8.65739907248205
7.162733463873486
-0.5643867904990647
21.366256784591783
7.827160202038691
3.418618650054047
4.105048506629156
2.383369475007176
7.787867815598087
5.0184474161475565
-1.4046069839387796
2.634741031563798
8.863097226958837
10.127362885273744
12.685757468960862
16.983515272108892
24.75644457201132
17.363268994790516
12.29485100073392
15.688817453220317
5.677640664158161
10.133786156695367
11.129953559841306
10.527820420359891
-0.0246991981742255
-2.898431115979003
3.0406432322747814
15.63628308092713
15.88062748751469
12.452211681949793
3.924046112047089
9.216734762846736
4.793663812528519
0.23141340201550964
11.030596240837014
11.2808171916211
4.519082148578088
16.510752049168495
14.318652458929456
-3.376302094947903
-15.443547720341844
-6.519970132909318
-8.598148245888414
12.162720969108717
3.146368769585035
15.580231788806422
13.586302421175038
-1.7911392562171233
14.666513633345579
0.3331641445838951
10.487930084924958
7.256289699247258
-4.984894174654732
-4.469332411343357
-2.882317656025391
-18.38448796049893
-2.9811712959975623
-8.8696385305868
-9.544913032650749
-4.615733642901446
9.18226550168794
-8.40522538301988
-1.893829328911587
-19.25965338558058
-17.418288500140914
-19.132280547994355
-4.115922992872509
-7.337426325309355
-8.282452666262023
-1.7345308160936188
5.694137037457847
6.468039074891709
11.138455032194514
20.172029403461057
15.075983270965315
31.104182416788092
22.53235632746673
22.35231334205952
25.48731237046237
12.4274666998528
12.131105444039736
-1.456920922245271
10.562887393030483
-2.2712907740762347
-0.09349190877818625
-4.815064080219361
-6.874145729902576
-10.507485419844404
-5.891281313640974
-8.8905606710757
6.085977656712787
8.297373141312095
1.6477964520132287
-5.030102414652127
1.7036675574138853
11.941623361505037
11.544175251496146
18.25576111442411
6.091597752749661
8.368308655663364
19.694374228464127
16.832098478837743
16.050077331025598
1.7420736132965864
-3.442280911178285
8.11699913643568
8.192498564624946
13.945175093058143
20.037807151468513
21.999610456970963
16.585570099381613
7.024806519982917
10.238718086906456
2.29889234139989
0.06409032424089123
-7.930284400877513
-11.041714715485632
-1.69103696491889
10.252045055816144
-4.133122142360222
-0.755757059663087
-0.035564988704805955
2.2223410712198217
-3.561146278456974
0.634718904363134
10.859789912519638
8.100452212752902
7.080678555572746
8.458966141292539
9.687509492784466
4.45363309850353
4.148072641495381
14.09744021026805
17.14703235047271
17.883964047797647
8.783456314834435
23.223169244412603
9.504378148629293
17.163163274649925
16.44660384281674
2.488411142539174
-11.110809087600904
-14.115052404631918
5.2500042813213526
3.5028702805583647
8.000697938006953
2.388462971506172
-7.602121025994597
2.458705593067347
3.0320563729238534
5.104336748124295
4.094957908138161
3.3085432451706565
11.533320354837514
16.844808241740505
-14.35590317144909
-11.342584508265553
-1.657435323767106
2.594510205724633
-10.3968578510416
-6.909689118430489
0.8226149764551565
5.725944820457373
-1.88817347413951
11.951316657384787
5.388318998907441
5.694818593782424
14.8056479150944
14.805300239474544
4.5214626360531724
-1.195507261459701
1.7665208185045673
-0.6691814167123531
-5.680207336509946
0.3884471970738592
3.622045788788939
4.017674390016634
3.0237538863245277
10.686078707549514
-4.622571478179358
12.71794387617054
13.30311485401574
-2.2889987281992745
3.5853001869200627
4.491176998559586
-3.3338494519949275
0.39413119231327626
-0.01368645109328348
12.006106322647394
-8.757064954311236
-6.182702146693924
-1.9095840674534657
-4.70481457874855
-5.850877162408574
-12.73133294397173
-11.134333493684263
-3.9825956745904634
-7.567760059281428
-12.582228968904666
-8.061985671415595
-1.1055627394120462
-8.333208960143441
-8.412808151008683
6.30767646333129
7.762212427231655
-4.8554354615818855
-7.72711490303921
-3.0031550460400567
3.2863143687319942
7.042218858895721
1.785810327644246
12.937138258710212
3.665133690495978
10.94067341001556
15.24415332570432
22.94286989454412
10.19266298147691
25.80554985261095
23.939472442718465
23.481622809641348
26.227409088871152
21.00008199358334
19.952926853560452
9.182758262984425
16.133836935108803
13.813528120456661
11.746846917044236
14.1893497395602
21.080665271753933
10.561700369542212
27.626336828468503
20.898470343320113
9.098018203020917
17.38395581473743
9.433475623823025
16.666285098073654
8.2070592048216
4.982096718408263
8.664943550602104
16.59299874732909
12.47290526070633
-0.9875363499430287
12.983909728361452
11.060054517496766
8.23646916597973
8.032471491114547
4.279446095928381
-2.242803188069411
4.74555373752775
-7.692895413326733
0.9234167260907802
17.893201302098824
15.28429436612003
16.02427450318514
2.906972370087341
15.785984912009235
2.9777349083628315
5.151108502083179
6.610254524403444
5.273488362811509
5.1704622500398445
5.071325136435644
4.978093193963661
-4.836282107576153
-10.332285570049505
-6.098298155882982
-17.428512078903914
-17.12967701248614
2.0696331910565213
-6.967718484465372
-7.545781123296781
-13.916511700300381
-9.345428431597252
-10.942178691074123
-2.283209121783335
12.252927844788957
9.056317338454592
-4.334507586082573
6.840985986215417
-6.202922480225946
0.23516817740776919
0.9313156054515956
-5.283207554483443
-8.554282052576161
7.847709076060068
-2.0431614075312527
-2.592659660514504
-3.0957457570889364
0.15823742455099588
-5.1886646594744885
-10.117547197019524
-4.061490496742191
-0.611313890427879
-1.771592901187371
7.948897324472666
5.862248041300913
5.023405063389361
8.152282961173636
0.5803970720687683
14.372696450308363
11.436451011167795
20.70368359190388
9.490241044086005
11.83616589724546
12.96538238363201
26.230255589825028
11.942909755837354
13.508313942783163
8.943738484976656
22.61615659347
15.917169749257873
11.408001153392153
7.11170509955387
4.671548699806527
4.628123375059388
-8.419834598033773
-1.3119893796034425
1.3628866412211558
1.5419706588984878
-6.408664417798574
4.853293506292841
12.95167372898694
15.98399941680332
20.416618642561055
10.749228046518196
14.947430849080607
16.17356834759935
2.803067667337218
5.955813006525236
12.91266462136563
7.348321984438864
7.977086951727709
-0.08155702854496205
9.346744615230744
16.81889615001415
11.35385852800749
18.91546221942737
19.68196070128993
16.704574604136106
15.97665934563392
18.816632605988488
27.24533884858085
21.17805806707957
25.61407608084251
34.445200851851695
21.29103105115574
38.4622498472774
15.643780799529383
8.18509816410899
6.400692694744623
13.865197099716013
14.556845259338731
15.214355838375704
18.825621342067183
11.432638447831362
14.70886638677727
21.068732849229022
22.09397935885819
24.401245645903117
12.59942004987485
5.260970335764977
13.488118576115099
14.614278087878244
21.983207667004326
14.879696355942551
12.255429514963856
10.002031225370336
6.067094407773261
9.421494006739003
12.061612102818096
7.745962982843555
9.990400050632381
11.842715558145695
8.222959982037793
4.398823893788509
21.00324693143157
9.878787498617525
11.011216280944367
15.12174729756352
20.55424529692867
27.77084484336573
16.391295327651296
26.411024504251955
28.83927391125291
15.141232304094203
-0.18350868873257564
0.06048250205175654
1.6723659160976458
18.26782308547508
5.222554051788385
8.284353264580423
15.740435439130303
10.795347298988489
16.011604716234125
20.252376623432855
18.5184732137955
16.57769472712266
3.9887978031916322
12.693635890353281
21.012671358502388
12.037190349004904
1.6381629071026707
17.485006546087146
16.212600168264856
4.218907028294642
11.110621351908433
3.3173345345204694
15.381763619765852
8.924758437641422
12.657592547173051
20.127231379044808
19.911280263029976
30.151824202071293
20.557905454917385
12.312854982586066
10.119536545179397
11.841200330136957
14.843113851786423
21.57140226105034
29.235853715857182
25.512742177213955
18.09638163114623
13.970190151362043
12.990177194344403
7.862496362408345
8.640807896653286
14.829067550691018
11.90964485147845
3.905498951799122
-1.0246944958692756
-5.994603292398141
-17.276983163384358
-10.723196775462124
3.0438102982940034
-5.714868254015304
2.2614374778167305
-3.8175954004874217
-10.320677626180398
-1.0789586605684098
-0.2688222647036138
6.1407490627073
0.12120523534848748
12.671490592741312
-3.116682740642493
-2.2872076393593073
3.1412317873069346
11.590706465991017
3.9222512791493713
11.980500422099702
7.3881593351771695
5.838429723808032
2.5406503041098585
8.565693205079834
3.5627773829019453
0.4698466809359019
-0.4286168346533903
-4.1153083097886025
-12.425847791944582
-11.491667481287639
-14.182785171890693
-20.300225061824875
-19.27075033222303
-22.40196620332488
0.9731224088097914
-11.606060102498606
-5.8532062032117
-11.21466971689562
-19.590560608191037
-15.044023508123995
-10.105777730525453
-19.68110513801041
-17.22838710627731
-16.857925124081067
-14.528569280402927
-2.261141386003729
-8.01056333787568
-5.888549926229912
-16.27058457474788
-12.307657536788975
-13.85199527345927
-15.653240520266902
-6.559818339123625
-4.341672676122284
-1.3408417711945404
4.945014576852485
6.919497604391699
10.75772240684736
5.245962757574996
18.02501672790881
5.86570135137658
1.289539812264293
-7.925076312357435
-5.412965880832832
-3.76646393251494
8.882266005425876
5.868496479094235
8.65406023986639
3.364733723776792
3.0647469716779465
-0.5988087273977536
8.749123841056804
4.474535687970174
-0.05543951993964846
-0.3283881430511135
-2.619886891782759
-2.7247754265785815
6.931065152392261
11.207991899758714
