10.01144375104994
11.00720332074368
-17.488096373422078
14.886028743754324
-25.40550069184637
17.065819213566847
-1.4029193778053002
37.087329066023024
6.939628568740296
-5.654358719271263
-15.370763641455852
15.096293599207321
1.3612662636809716
-15.328195039526921
-16.029508669878926
-7.409813251752578
18.66712092119124
24.0533234092277
8.264288120441813
14.276651903021914
-24.27210467866493
-8.694484142869516
2.494623357989078
-33.15877666807926
-10.259023865385707
6.353704940685288
20.956027930216532
-4.117719192040718
-6.005434815960303
17.075682318596265
-5.21242152903562
-21.921921047509862
26.10324021799545
9.495726759810323
31.153712816885
0.7165404803491606
14.223037082753518
41.34284051931375
28.243829574934438
-20.183256026335545
-5.723708906564278
-34.82701505775105
29.635859981895884
0.31005396847828415
-19.397808425067012
-9.544910851970293
34.35470839273443
4.382086781500961
-14.19359730639891
40.94325813061486
-2.8160415610731135
3.718882629969981
-8.956152025787583
-12.960731017791456
22.741319176013434
2.043638299151848
8.093235230102636
29.10845720591988
-13.064144909513026
25.2759065052419
14.5213803647553
-2.5972371609408196
32.778182781933914
-11.449484860780323
10.327621482887544
8.194021522945777
29.084486116875368
22.594147122091925
2.5463255405045837
56.14945942112957
-7.535821580416739
7.327527409099247
8.256592619687261
0.3354751388207333
-6.96768074673197
53.3033490840414
20.346587464215105
13.546506648076784
5.895343669036817
11.051268037837485
19.57510785388949
-0.9287445807143317
12.663728313827281
31.141505966886225
25.870522148261127
28.106042582839457
4.009431094857955
-4.1415377758599945
11.09765207691203
-7.895713441935882
2.915389190825792
23.059164053975366
-21.748680806726874
35.89266490508145
28.78652189130979
32.121433935067074
-16.235043049431187
14.473511236347292
-7.887027863468468
4.546828524464901
-3.4503358957910546
46.707846304305484
30.361873442474582
-1.9821797310576628
5.729170332656972
26.310748565350522
34.19538733096071
-5.745595642871269
25.913484943014204
6.204948316903273
-18.431712149340445
-3.3681116062092027
-1.2045164072932675
29.633939294659715
40.68985681706652
-14.062907656733834
18.89098532447176
6.505511367364143
11.799762630317923
-18.734656346573882
15.044741950612243
16.15045547491671
19.756401717109146
0.6099400319974002
31.937372964788594
1.5152090746199907
17.693271720955885
-9.810832816632452
4.134173485406732
32.30048054889996
-16.38580107979464
7.487378511182111
15.119634555627883
-6.224508626439043
17.193444543324908
-5.635766172815469
-27.73424500318302
12.365655743237342
17.373555658847806
48.024982452970626
17.66703219671096
33.923254768342716
18.666933185398353
29.24946938001449
3.179146426947879
4.307205279910953
16.09740106048417
10.000500866098575
36.416632656657555
25.43843843522543
26.878934141633017
19.385575110085117
-5.261345575110923
-12.022219782036437
1.4847338776865424
26.981775878954537
-35.97799931952351
-2.683560793352463
18.141061449891072
42.818795072259036
14.17967362890595
18.403146034515334
-0.7830963727625466
16.96241626591169
12.349016739411294
9.356752635220438
2.5566599803383436
65.15219870705232
51.9286503569198
-0.2938544619573378
-14.326254937789479
22.640721708804815
28.183305752951462
-22.015267826224317
2.9949290606195653
9.41926434535106
-0.7887385925028276
7.909305537631301
41.26397460229765
-1.2987761325248925
27.9735863172088
10.64847344468584
21.380264935461494
8.923925733847796
-2.4764569285318068
28.659690353941315
-6.38966032869935
20.752542771328656
34.3328895896858
-22.559845828410104
-10.87109331427618
29.015227873381058
28.187624954521162
44.7927538012896
3.293156039836898
22.147948507152588
35.58097304476789
21.280395905107323
-13.025128556371733
36.28902943681594
-31.11882955077273
19.855830705626843
7.1957343226722905
40.07764350404476
25.772057273759273
42.74138539720934
-10.860760003340587
27.310072833193217
39.88298651865104
1.4456974862903493
46.19357669873602
-13.468471534636109
25.259204834373207
39.08443848513608
35.1428021493084
22.157241364509233
27.28263339880912
15.981084987300333
-10.345363787339032
23.277611815800068
47.4167767551867
31.608311363534973
42.51952980777038
36.327178922917945
52.31309747234758
18.108253975261512
32.57745525079874
10.5564739878002
54.51783915508493
23.82068631869337
34.56218440952105
42.09579770834569
50.06400497002194
18.124854126672133
30.76548921072151
43.17304934210385
12.706544307042407
27.533243801174706
56.37349746652642
-4.675968814365078
-15.147329341672268
19.691864995669324
31.29126507660707
14.07722396394836
-3.049826210961097
16.095127097796585
19.747903423792508
10.842250473917314
29.67145620416864
48.58815467350803
36.19578141425308
30.83504589937025
19.40822098950041
44.584367068703095
14.878391266321987
13.806854212904215
46.083548216844584
30.89033551468466
7.462605158851165
31.17235533016934
39.77942489369199
60.84699122253608
40.3148952041867
11.088046913334058
47.65067056527282
37.45701844950611
-12.10079756811755
16.556533403409333
63.368170257873736
26.81498158502833
1.6965891584007693
48.15372312113937
14.208733040345045
34.029907439440116
46.503276389588336
59.3415672269514
19.079594529938703
40.162625530937966
27.311443639962995
50.24187038535679
30.674151230317015
57.55315243822252
36.99023304821507
39.1458647322614
35.548172465262155
31.869255766363224
34.21905551930904
40.5344895146912
35.03368151974041
36.717053326941986
41.30056136015871
50.479704868346325
36.20065740487017
18.47094562294653
44.38283000427931
-2.1738121199553433
35.9644707923432
50.02524853577014
17.33824303816563
17.513337988511815
16.74111303857746
36.33190008080455
55.340187276982014
-7.273758127635816
1.3861474610978846
26.987018920436462
42.46525271620543
2.179188945977696
59.378350305514694
49.534584835276036
1.1512359815293856
29.545756309692884
33.02923046301004
30.33676416988144
27.115032183458982
-0.14717603534318258
-2.094314865650368
22.980364303611204
28.01897749640092
50.71539001348002
-3.7056067794328342
36.55438294049296
35.97634047656488
46.51915888613918
38.17699260134182
9.379734861228322
13.920947755900087
23.502837933004876
36.323428771341206
57.84323161942012
18.591096560792288
15.246934809583102
45.14944647943061
31.269304505316374
46.800581010054614
3.9989767355678474
55.03384057738765
27.453965468513218
74.72209683752254
5.3645033636772865
23.494450365625994
19.54249862508651
38.96763813924372
55.42057028661797
55.34335105777551
46.20583537871048
50.315910437928274
-22.27405263069283
9.61995109693914
48.30847442255361
16.385869548672098
-10.611250035631947
23.914270308325953
39.39429338018474
49.238079521958184
54.99203120688148
65.38703890671951
30.918889507628155
4.4759357627560945
56.579165678239846
6.44779833696656
26.00987094540092
15.597747967869022
38.063929434731534
72.67243463012724
54.76330590889316
59.60934856043036
71.16771576503004
58.1410917269309
22.65148989493987
21.073967865911428
55.99265379129725
44.55543413011884
57.54028298431848
33.49160872432209
51.60043926324543
52.79775734664035
39.35672212458579
18.493791767124957
29.28876117191765
54.36061305031596
54.79342227175887
41.893280672060236
26.55502447583978
65.38825159325769
39.89865771049903
59.75527739485092
28.242454642695993
60.08142592108535
-0.09110199231100324
21.950711576613706
43.73945108352851
45.02946328025213
44.16525923587241
20.17757355337563
-7.056267400488984
37.198061631142636
57.502169312672876
-2.2600069266964056
66.78923564062265
43.40519303171023
76.57880587845118
49.4706284021654
30.33064559873857
35.40549205455598
4.718680745367472
38.49773531733148
34.99403052493612
16.128311057771548
46.71188050794418
41.83990780795616
31.498120194153095
50.133440857518735
11.51878188667963
55.94381145950692
-3.311219483272424
70.5441313292304
33.16001273301501
42.590895023348075
87.35646629317296
30.647390104185884
23.07860944940967
53.68817612644056
8.489646767369429
56.170269622568924
65.26697171832245
66.48538326646855
46.48765073617382
54.982017303293034
26.01453121828971
77.16027479138197
53.077610410498444
26.391927183107217
55.75445930683128
47.97876822151539
20.386967110483937
45.394457488624965
9.48496269622953
-12.073433729200346
68.56094962880576
45.398538687243274
65.45997100752837
8.719353611444177
-1.7304180362895991
91.42657695304493
35.271715785148956
32.457964809793154
36.63540782740644
9.1873295433208
79.26071219881045
64.25848020348496
61.62720886967696
50.322196395260335
52.344180168294066
56.27472649775305
33.68003814940727
67.12387745286486
25.81835656699056
50.03757395878712
28.692987598111802
47.0738025314035
38.45709271273362
66.70599677085363
44.89732525154132
38.63570091478418
82.17293123772492
49.2742463559065
38.87605090755268
17.171413538897696
38.218352113504345
32.29777706564485
68.55253324645344
37.0980799005997
69.6070913556332
46.245096884842496
50.092126069988176
19.374136921193223
61.71117098693268
65.35817796407309
68.49652174597875
51.68329701807009
66.27374328385781
36.61453536652435
48.89596958051982
31.705885063397698
31.843288901653114
67.72946800203177
43.29067303105492
12.157805398426817
66.48971184631691
66.0684397949326
20.522728137843025
22.37600440089263
66.41464553896083
59.4600683595428
33.53636667507642
46.073171890478655
41.04905916130363
47.15840350912792
66.30128841800519
66.70836530575514
44.309540031168616
89.86826580562087
77.80387170680044
46.83738934502584
39.10393287556136
36.5960617797803
55.844617956146195
36.20116636208741
76.603477808185
79.93254206093906
17.629060437394052
67.30684583572622
128.98257470152402
87.63404667832786
48.1691199172508
57.37557361619862
67.91682677967523
56.79220528908295
33.8443171774719
47.238032019069955
45.085098980019374
63.554290590809615
63.160022735609104
47.537072406824095
99.54691644145916
43.55390472317094
49.50922709433584
34.71956342445655
47.436142763403076
27.06760657087082
5.574339312954301
47.7212252193675
49.63369026012192
66.66360759397658
59.63285653497805
80.99958398461206
55.04268248453038
43.3483933766729
59.604843981195614
60.699258526792235
35.753355857502385
33.79191426469127
51.54920422814469
67.88622026568717
66.04340097210245
50.79875654749138
48.526824220135595
56.64081320606911
44.67398906620032
53.12103726021971
80.00345284079003
30.26875838408321
37.912323026766174
91.4106496532328
93.28197003210414
43.2820648829168
62.47484693334549
87.8143145658072
40.63108138855844
61.26433935724906
41.123721863789505
60.19917730002601
49.66501929432276
65.71557285062266
52.606965197730304
48.230439811241055
36.31691757706835
47.85790280211613
70.55623737388039
40.15851856164111
21.92137096129901
48.56064000907722
28.89022918414851
49.243716229360956
92.193105551433
50.41841449769149
36.79932759767558
-2.926631462129464
59.50829911487745
53.565621739486886
57.69053555190346
87.64592273500828
65.80917054245124
35.301589570602275
66.69703677243645
12.99040494453012
71.59065875258192
75.67121166041454
90.84492090000074
20.01754436301529
65.52098100776725
73.24628097666637
35.72173118725266
66.30979187111683
77.67063404486424
58.55995067086122
26.278150968283484
61.82848705048112
84.37660134098644
73.74274370121532
33.39181885151013
34.405755770563616
45.81332044189402
46.90900135245052
43.44558571409955
51.226271972633384
74.65215862450263
67.26334343609903
98.28540226655878
51.66328053707725
60.4258682115177
67.37969626810633
81.37451021849125
89.9109685244421
68.95085101031925
73.62177604167077
81.85227322217878
75.4507729017182
36.79570676605122
81.45422956600896
56.41430102076681
67.08137560029348
67.75030313304477
86.71346677911569
39.128132048046616
62.95691444143303
58.83533687813686
103.83028791084283
86.38017865059899
67.50155040561224
61.25794416857788
25.310636590931345
69.9405555834586
84.86903974467883
53.774284006356226
43.086529038570795
68.22357924199254
52.45548683264049
84.22241641333477
69.69494505441774
66.0294060224012
61.404089353320714
74.8994471528973
91.55514287344751
75.0728841433502
49.16001614451306
102.22557653515605
67.93466580675121
88.48819285387202
37.65003327197926
63.28821685117154
86.24395769432354
90.59592280160244
47.258526995422514
64.37336834981447
71.53663173509646
34.098909217347234
51.14995995881426
53.89109821610704
53.351269431629966
98.99417410873397
51.07523863800218
84.07045468417743
53.74165482935649
36.53515653942627
54.22210219747954
77.69172368631163
60.05764917233675
81.99948020231523
68.4578725382909
86.28529496131
73.36457601937556
64.02579352791017
58.606328098467415
72.0627496254028
40.67278604916736
70.25797429994276
61.857953431261265
91.68578455212084
47.9276891870347
90.5747674236214
65.29507301854328
44.48934840081199
74.87026325826142
66.65853337408815
46.646472876025825
67.99875309412153
129.84618566760582
56.93380913159713
65.43994479851516
45.86664994840494
33.13125173815049
66.47096784520194
76.20911955751156
58.46291549895534
62.751963117412934
70.53978642072887
45.931533930964704
79.39245649418926
59.83984585676814
55.5371784024497
105.22102046642362
41.92924127609683
86.69019503011977
37.761832443800145
93.84422305749285
67.15367317533511
82.54288731110617
41.30501774312942
94.27704709468856
81.55173175282314
63.73918341976502
92.90760775354548
81.10678768547032
23.169268223568686
101.87251063959536
64.03282746586835
50.79250792221448
68.23073577570266
84.83234355945577
102.64361615959515
53.01498342260412
75.21862789121329
21.691714673743576
59.970482035510244
86.60897541884569
93.62332244599165
55.90148419380879
72.37084480482042
90.18286414621144
72.08378708848376
92.35673927296355
64.64574042245293
60.19379926003649
87.94472191877102
70.96220154932558
53.65836261751238
107.93265960006988
53.99874813047148
72.057376440876
92.77419467737602
65.3542265243762
77.09774002655749
66.57583098399618
81.88883451355596
70.27065654412878
91.08771989102532
43.2442007522512
107.7207523024837
78.38866628550531
91.87839592824615
110.10286220827774
126.7438806319858
80.62259831898918
102.81489877819786
60.3209563658035
73.79257600306872
69.28065716386831
72.93192296349162
70.50479391136619
90.90656028802904
72.23469738804457
51.78337957310533
71.59693323508624
61.44984595050111
81.0819099248773
64.03742084473139
88.69895592984028
73.67352243156701
68.53111284056932
95.86173219221813
85.97846091926075
82.35278324142047
75.4840924563441
103.26956437057851
59.26782892981264
101.37269761675728
81.52614811316866
45.679890982173454
67.45392574015595
75.01482535121328
83.91136722485963
66.50444183443408
78.10391934925102
91.07153062468552
69.52593196679881
72.74019222265962
89.10230387588007
88.94465798370565
82.88933739186427
42.46602192769465
78.85627312796022
67.30984693765681
108.2199745167251
77.94679292316059
44.48048981407151
76.91706999472996
93.39276761128622
79.86733023357095
72.09489454497069
76.06108821368609
93.78167039869439
90.34335799878424
88.30684899538527
68.82889660302995
40.71425649501286
107.06016913904952
87.0868327010269
52.23140538659608
119.65110508184313
79.47382003995865
100.60943112052377
88.19457598842806
72.1892310618954
91.26668973676773
65.23538495692449
81.78007757111955
97.39229754105622
68.05418585946582
100.4058790287457
105.68423815249983
70.2045560681539
64.3809234822117
97.27813382232927
87.3672448660192
58.35397800318978
79.85119382652454
74.71308447310182
82.62121757132293
100.76898813660704
94.20083791289748
96.46183804117875
126.5799069818966
108.46323079101114
63.681869306177504
53.25924625077381
86.6252665261669
105.09330468155159
93.09888274969396
71.32186298265674
78.71295376404484
106.51933694589341
92.93662714754552
108.15271193552998
96.77362446454725
85.44823405251857
64.15089970338299
58.419752243486755
125.10670766463349
85.78408260411562
57.88127948257096
57.6362014659469
65.87352911283517
94.9268543739302
98.75808448970923
115.24473445492461
87.12048209733341
74.18102706698404
103.261037618259
106.77168309871763
67.20450885200333
62.37355395639908
117.49466646323556
81.74346903080601
113.65198294946919
97.52394654099332
84.23371247891049
85.68931561898144
56.05226819400945
80.60186064614722
82.48297323575883
70.45693607929942
76.78761371021315
106.54722154629408
122.99058065493233
111.16777053177529
77.93215597660883
67.9578122081267
72.68376130091502
73.8840409516163
110.50347193733694
87.97989892440386
118.15758337546787
81.2362892898323
102.42776275183793
91.71848419866691
89.95208061428202
88.6682552060481
123.02089015515153
112.19638082706209
63.79689927702082
100.78189514747561
95.95461434787005
74.21157096861103
115.66510428897678
96.30601885387175
62.2448672917697
74.6185282787721
94.60997927709028
67.35008100685911
79.90808357608377
83.61350663138128
103.30322735407559
118.5303839356024
73.04215303508823
120.81755323049174
82.93802543195902
95.52037292687028
78.01902135258575
97.40779361674933
104.26145153641835
50.63863305236647
100.31900242875456
89.68081508649296
106.05801751219477
88.84499597222013
107.31098596689456
79.89585660377001
109.62946716148416
77.6656723520164
84.06050217303344
89.6769589791362
147.10048487021007
96.38907354306306
122.68328091910311
82.15187761271584
94.48795318944
77.3666884759931
63.475592394491656
70.98463177731098
89.69004895310376
82.11497180604185
57.755952782849235
95.11101133931511
121.09090490746091
119.5751550396734
91.63631621317927
81.80129935124818
85.15980358366689
68.8120463064073
76.4247507914969
118.31561979855421
98.16472909522243
127.31113555069875
87.26545194717367
107.30656636033694
121.85668044756709
105.80170956789958
85.40991530854296
126.13630663694025
115.90324946039712
128.56665241897562
91.12773499644274
88.1320115390344
66.70898041317699
100.24246134032593
130.13861083790894
105.69666874180099
69.09899011918688
113.82093848642812
102.12298482058185
76.14649378735649
108.1279464343223
85.8510430067698
119.46669333902722
113.82894898181809
96.23553401263592
90.20385079744179
100.33127747545414
83.28526441362365
91.32217545312365
94.55785369173093
116.30914656065895
104.14134151981719
107.2978290634024
100.22803336235911
94.84317402844316
100.75939046607526
81.76591953308844
79.98723234858905
111.40645040285995
116.69064766780791
77.50779222777726
116.74193968744518
97.52588329755585
94.70016536798757
144.57186119022703
120.90653186834648
119.49258898881985
77.40743973418361
128.38047514830382
76.31645408034154
86.21015808323507
79.82694862722755
86.95452842920459
93.69649430109672
108.66859348939794
79.15081258277853
116.88343711789969
