48.51873540442393
62.222487774615146
33.23361034740425
36.66559721262504
48.378180607958015
43.13395762497534
52.425699615485435
38.82597355917849
48.30740903414836
43.62321302195168
31.89720976071535
38.99053387451246
40.54884118049181
45.10736974754393
52.62056919332321
47.628562271133895
38.47946342287561
43.20983593473696
30.818280678149883
58.72491789661461
54.186053161608484
50.37042632656851
47.09616124459593
62.99848003610002
60.70887904619806
58.34987105160758
50.30551508668162
50.200057532493005
35.69294682612865
34.47119218695735
47.64734963366816
44.1091775431952
45.14915522593786
61.017784128915466
55.20485273194087
38.76793376321065
49.229525320098304
45.26318689095392
56.46377059980811
41.89211884092493
64.54779124559727
55.00318007297721
36.185231018741646
46.11779183649944
44.34561654836581
35.05420644073878
55.82145039187022
50.90364031813921
61.131671449681114
61.24759231623574
61.633635069340684
39.783239891599266
62.00290375024508
36.426112616971935
46.35644596834139
46.05162355023593
63.85348649388676
50.170412256619834
40.57802063053189
34.13084063083287
63.37500128380151
59.64301163101361
44.91334988441026
42.879167280234434
31.655730001617115
50.17650325811001
49.706328029128436
50.6012485042726
40.96163648175616
51.83246399933
38.93509529458815
58.57999830835962
43.75032057758794
54.70681047135382
42.03517968327491
43.41030692802037
52.88707453441071
42.22174767573543
51.28213242340572
47.34356286649817
48.34522945970282
41.85056210598791
56.99071670375834
60.32332643485016
52.122266013554594
40.09222304549937
36.70676178265892
37.57041625530937
44.23785959505621
54.25118056406602
30.970551358788704
51.83182630751982
44.765740339582976
62.419486310819096
45.577158865926606
37.50994919063912
60.562268764811236
49.421175279770566
37.936873411573586
40.42309295526874
30.039069441633806
46.46619472359899
49.721847193025276
54.330672398196135
40.784790862195926
55.224856459523465
54.60742154204863
51.45992858709525
63.77844070385714
48.48494495613031
47.373702057690814
40.46245540554684
41.76004717614228
39.95287266786799
39.308235160717686
55.16108657287734
47.393469544200364
44.95707785223428
41.96769052725696
53.462594830754405
35.46344997096139
60.000533788148914
42.16623136213032
57.567817619138644
57.96236767634989
37.710808986620464
47.74091844190736
59.46348453075657
59.26526526327315
44.52304705257796
44.80847480673821
41.678087795756504
50.95995798614128
43.57816298713945
66.24180976879119
40.77856671974446
32.85357975229971
42.90136611766556
63.3929086000904
54.896328112514524
51.545993484848076
36.72127988169587
54.411162639634234
50.89191813091623
44.21167905034821
27.182374952910084
33.869195536335674
51.28609308047411
41.07733151984185
42.829933009987755
70.06933498883818
48.25791197002893
49.34555476376241
37.54186866531283
36.91424653407014
33.956647452420285
52.02482849551723
34.22360512133982
52.32423843799496
51.619454148035686
38.37965075412389
48.29135662906992
60.325769709989075
44.80107604702062
58.792256905392094
52.955772614483706
57.48124081156679
68.87300246620936
54.403258283444096
33.264444566156065
52.1643429614141
67.19281944993823
52.81815076937765
39.83053070461109
50.530741107538034
55.127078303583474
50.2588516712437
43.73354842386229
36.287303200526075
41.514832797474064
51.95478867546567
48.118077976983564
49.981814862976144
59.30669030583523
50.65554033449548
55.32855836127794
66.8805035056692
26.34443724097661
56.51110134062641
48.076896962419966
55.799756410400335
35.80993572040017
46.4410829218995
47.89669684333368
50.18721361185296
33.48774989655209
42.15749982349972
54.783149888860024
40.68414607321355
52.34843787348781
47.34629582441244
57.43955603533669
42.17376447955323
55.34911517154136
35.74894105254707
60.99546517688372
48.72750213845259
54.743141713176165
58.44370503728841
55.434597257985985
44.31914910372919
52.052913451171946
59.500122514505016
61.61900996871825
47.75205730055244
33.29761622845884
25.538938039663073
51.56241777071688
36.1959195731752
52.14431259336982
48.39425907599021
49.58608288866834
44.05384190248587
51.706636782773806
55.446371459301815
50.98306674876964
72.00531864996438
51.228153767193774
68.19189503273573
49.20194095929589
42.07114345983324
42.289078923700906
59.66876980960403
39.95150892359262
65.21587018078718
57.00130074595557
47.01953017977949
36.83392006177871
52.301755182282854
27.476690928087773
43.16978339296617
56.951809925464005
45.729091313713255
41.40335542956129
31.073582213647178
51.08313624707014
44.09585857674735
47.77554114015909
58.195317223503885
59.092103378634455
48.09297535173223
71.3609244693148
26.562545278994655
57.15310451281488
38.72428253183546
52.25732243465161
44.93170659971242
33.223886548193654
58.93895093237119
58.24082627147821
43.24326380774572
55.39094366564566
26.30554921682232
75.41014202993182
43.82118716183054
47.5269926407399
40.68476169767006
58.69329036446809
31.706201798609378
54.60588078650129
68.70994665345289
62.22143004165541
55.503175542320065
69.30469270334899
40.47831912775177
42.421768425508425
50.75714062436859
47.731048537529574
35.892594450222326
45.61082328453862
48.001088515105586
33.86311361099541
49.08434101543581
56.720910855630194
56.881818124311465
55.79317736004416
45.35770295695713
38.553287119521045
38.37286691118447
57.95022674430271
41.49642941851222
49.54623206772408
49.215245880070455
59.97622819272656
26.235827649922243
43.029672264343276
52.18638017466975
59.43173220695522
50.39214457744495
52.82154383092091
51.9124246895554
49.34439967944376
50.45199023621641
39.074524753773616
44.70578857303198
45.71537427896027
41.45678816394219
54.069573550488585
33.63139123470615
53.11244891391131
40.17262510542794
54.18835500487673
48.606432330750444
57.185319383374654
39.68257420597815
74.87086636496963
63.76866610537138
47.506253919339166
70.29784654089565
63.26817014237104
64.50798244282052
53.75941942292922
68.26954972567817
59.28900799579472
68.55392898302176
35.0881527266551
43.23748639542653
41.9711468588434
55.61010911913597
56.33247637678073
48.53391926665795
51.06977489333163
56.025806163135805
46.012711482182475
67.51486574849356
68.71252140502307
41.03392859370301
54.08880676567105
53.079034272218856
65.43591911484819
38.789823887332275
51.57797435695418
56.35935686342057
65.74761487519369
48.33841142752732
66.0888645119978
55.97108417455167
55.73888416652858
58.86574711684034
59.381238807963825
49.317523661842436
28.353701869693406
54.90851788937508
46.71429416874686
65.64625330341704
42.21706911670582
47.7478723389831
54.67376373331145
46.48279411550326
54.77046118890045
48.5838226377811
78.4911896851684
41.17292458073109
57.12081147668157
69.28313922739969
45.18877833926074
46.34591754643114
43.51406325272122
33.254559815280935
53.69220153537829
54.82572975521824
43.712382265441605
52.15690813181412
33.682010648807335
28.88612497627772
61.66546976948678
49.60583699896543
40.751767824831994
68.82279673788068
38.28252935223354
54.04164310580179
50.26483851969134
53.51301206076148
41.92472810809912
46.54956136581456
55.079009544011896
53.801365130292254
65.60942251163478
37.442511060116985
58.190751291328496
54.088881379996074
49.888632216242875
58.724948515805316
47.01271352657312
56.532656484344486
55.42976497599577
57.84649114382207
39.956773813331296
61.43947305463573
64.77089125122214
61.75077850305463
41.77400840752655
53.773156609840264
42.03416900834901
42.28643520014594
48.900125996715786
54.43675600995492
53.35283959972221
41.98845824131038
52.80566360058859
50.37800838082196
69.52328960036468
50.72050561382541
42.44686635943207
55.64641314122191
53.59287813456512
43.88751927156235
61.85055679011587
55.56243986778869
55.545146391092246
62.239538290760166
31.622029689222508
54.42077420291861
50.19511382374919
31.8849332244501
57.089389335238295
42.82246946881768
52.05002146612699
61.8862343391472
55.94236056457746
37.75844061433759
56.81054565517774
48.26244227370417
49.68883298256706
59.61406540968804
35.910998920425065
51.35760707047476
40.67731512454806
51.77605591684809
38.44153883928887
60.623906677005834
45.8574774646451
66.04628164288927
53.936696014345635
42.97163412484342
61.71754026034589
48.63684209182244
37.3970473998074
52.12067616164291
37.35811294052018
46.999529193490986
47.20511267114288
46.534908535267824
56.32361758613935
51.92440516444883
60.3458411815546
54.155364837062805
48.482528131902185
46.32735762277158
45.5338747306212
32.81326484583957
49.13873377612196
50.95622174355118
49.29380516420328
63.16341903177887
48.46064228765946
50.90415976003268
43.23788191564615
35.47179763100412
36.74720965191952
61.54528752585952
46.552508834747535
54.88406279074212
51.97111423751846
64.42026951255755
54.6906692871501
48.10749200406438
47.7250719986347
38.69773898386037
54.623364181005236
34.32883918177833
59.73810166739777
58.16275561206612
39.49496550121133
53.12025205297054
51.9667830409985
73.62576709383947
49.66389225839201
58.64302433340173
51.472546579716315
39.094103649104945
37.17399887089964
61.833438197028855
54.84472114570133
55.009758004207754
38.7196541767187
38.33534199571826
42.77012219423644
47.38390006040613
58.50213211647099
52.998090979409305
39.60766245738182
28.824597001918832
35.75561048758084
44.03507799978528
50.09789844377305
48.61559668205774
57.41996440260657
41.08456433880618
64.56105380333645
37.44976466245853
53.358800449435016
38.27058596832436
65.5509080988209
68.696503398291
50.11288307771665
40.45529248419426
53.478001587624405
67.69793516396092
45.492808355756935
62.75790895151944
61.986355068997355
45.12460034648737
59.13769215315553
49.61365715359606
47.1154258461764
53.78718959431425
56.18723357772896
49.71339731838991
48.99334359232513
39.66099303961623
59.24080556325203
27.289087536471296
71.74426557005638
46.54216258519288
54.603376671192606
65.0367808574435
56.51291372595212
43.953749319737526
49.616853380652
61.05935882416669
40.777426097219774
36.596796051059
63.83456853001304
38.58342671644411
46.85375345906679
54.92362262340879
53.19097072621322
52.52793847567659
68.89393468042664
71.35770051916003
61.632783882163
33.49090314919216
43.600732151811066
58.63206528532109
65.5256740554556
40.889677355150035
40.49561791065187
59.255939449899344
48.2200135984295
53.91519660332451
61.95005419614203
27.568548837770987
32.180521329010006
53.46626177692575
40.44974685154912
58.881604276865666
51.840497700078195
52.63296269548419
61.11470561341794
48.42672481674338
53.245855279109435
39.4570843415728
53.23105246591297
40.70877440371003
43.886306091852866
49.30676506307643
53.625756747622326
50.34323063931965
25.562222756993897
47.99204735441386
44.067185605904285
41.62541516874838
56.03444203188072
57.812941537093025
38.678706473541496
40.59635797297594
36.96254536681849
51.67180034801521
57.61169996015086
36.01166975890303
53.96716003623623
33.29665117201837
40.53159489400935
51.84544767204803
34.708893927593195
61.847942113364056
58.705948417805295
51.77999994336322
40.55659413861562
26.63532129452865
56.35107360494386
43.09394025680046
49.963439240364316
49.0483341230906
74.86991729630316
37.206282265777844
47.51384998977108
65.0166555019328
49.86748637921446
57.92470629243251
63.35231987540588
60.11436636770266
32.26740895705407
41.07118286533475
41.91464180338686
42.05129093177769
46.939446742220184
66.36751187574069
57.470672998340284
46.820121450266036
54.08614937399711
64.21099752559023
42.44291927437394
49.987566517692215
60.86546683832121
32.79002354150147
60.32497843292876
47.34141410938139
38.52910885795524
60.71650275948237
51.49524724854611
56.09663687545621
48.83081667275049
54.518227637410284
49.99304899427877
47.011836165844485
68.33452019103315
31.825000200458227
45.4310477251555
46.82243096711146
44.65254248279764
54.18647894248772
44.71807044714677
42.163275711262656
57.58350563008518
42.497731604211
50.847017266217264
58.59008823745615
62.41212429868668
42.28952656494204
44.20969397328445
70.84571899261306
65.4137663140468
45.23245816024957
51.45494811696412
78.6651203610122
52.191621220340075
50.54525262917378
48.89124007594717
47.27545226776928
55.20861270656824
34.99131534313034
31.76131415275775
43.68984529121602
55.73771989313903
44.506793978362246
56.50666705716793
60.257544963395596
51.928082935054775
69.0005149251148
36.205885322391
67.52022757471778
40.678821256145646
44.376948597425326
53.5284104328401
48.723134282719045
31.945612516280807
61.406747210478
47.914612211024526
50.44341686644119
41.5502785622084
30.570655848116385
48.18728666477657
47.15706726922125
40.51505997806346
50.08031175614352
58.720503070986354
43.6180413597678
37.63588047095287
42.09382229140103
66.41575221793795
42.47168163766754
58.643320936153124
47.42615058990874
50.47010335922305
42.493792911660584
57.611538670068406
47.120676980595775
63.24521429825269
56.478910089721566
39.17350889286306
62.592413559929795
48.27976179872387
53.855936879306135
41.483399834594856
51.95139596974609
62.49156461994365
53.96489030479265
46.86067671817849
63.63442007794122
51.32605115680074
20.39667964797558
38.13895861989077
36.08104285158469
49.34878288606038
56.759045319371396
53.114854498652456
41.70241492340267
43.08528213582901
51.144875742690964
39.852887855131826
21.571513721849122
40.45646334954047
60.45690943253244
29.991638102726665
55.776998614704965
48.813875638876524
28.161717895200923
61.28992729314258
40.0414040314198
51.281350188122424
53.98066384231168
50.014289081119365
64.33719015890733
46.21639460558634
45.09422955922099
55.71588106525691
56.03930968664676
51.50143788162248
33.22934141083552
56.36206775720952
64.27337343945418
52.686755772575765
41.89090452173622
36.61915830670423
54.22852211161725
35.467705852711134
52.08843899602162
42.5998860610198
60.38052903738899
45.486755734074144
63.38947264840593
55.66850449821063
35.68778670443766
48.28407565727665
40.685656046634286
42.37647609070589
52.67753916198469
53.511283349826634
52.719174220937916
65.49324575566153
50.16266596483085
57.10572286719383
41.769909768947905
48.81902923306353
42.338648956620275
59.33163745808321
32.23196970423555
48.503016924620475
54.44296324605741
58.34667289179478
56.67614519371047
50.488746053730665
46.99081298898983
43.43695483946323
47.50196950785414
36.699258958587784
29.291318554921805
55.68743236373815
56.53672303566844
20.585141972186122
41.5965273977568
67.38734870717364
51.82280275499188
49.242487673127115
56.3819949030197
37.082310517984325
55.18195188109887
47.80129923903957
46.64742354315734
51.83598129518784
64.89118432122696
51.51213911235477
50.51692606499686
41.89818138113071
46.047205126942245
42.34195148431869
38.795686155561384
62.118117167865535
42.16354646798909
73.1123105509464
53.84563903433481
45.54928362310825
63.269843492853326
69.2435690947906
34.388245981688314
53.64592382201942
51.7964381887754
65.91313162939066
54.53384548722006
56.185496876486596
43.46284323221895
33.1326446793514
43.11390322086737
48.41850357863671
56.19232235633816
46.72992679746984
53.683938018612935
50.627401866710564
59.59417095575395
41.38858419950908
59.47330562384735
34.27079572340854
37.628794633991305
58.032001449857276
57.192058802401796
50.66207234032403
44.626179580253876
38.89570200431709
49.21625154137356
41.50482917913827
40.35895235995839
32.272658215532765
57.25536478506414
55.029066356296276
52.7375361678549
27.515315460161958
28.847520008621164
57.88971882439813
41.401133240713754
43.557219509050896
49.44345180919959
55.03711417902774
71.16653107646452
46.209350935521215
59.94540348439803
47.01942471684288
51.31734619331304
32.84495942906636
50.102164209864966
48.35657410702032
41.03781218557166
52.7825618187304
41.034427161230624
48.59303642286404
41.67770870788347
49.160685843387824
34.75776251279082
44.36632864818947
40.776341835633055
46.480800963282604
64.04437022456533
50.853186338871026
56.234357399443674
38.20892080344804
52.12193345714667
51.63748090104032
40.19011314910946
42.46778284478156
58.03052696529177
43.24740017290189
46.68761558607611
70.09275859276705
40.08463246985259
56.317404641796564
67.50837887413878
69.03345622046689
53.06657278151305
33.90148952366221
57.93041053776322
64.92145355312778
41.050435417492956
58.594213076374366
57.32619936072067
41.82861309334512
44.75622392337975
51.45858430280394
48.38588905234427
60.70120160428078
54.484973451614096
34.37378345378492
53.737209697264
34.55658911278503
53.29689675783992
39.85465056356859
45.87193438647071
65.44998774028305
45.91234054160922
37.1604132500201
42.50006482191958
57.36696408568303
39.96090658955047
54.80953660181294
41.44537646504919
71.99636980551898
51.23465586690443
61.89829251067
54.639783286405844
46.27559474535055
58.785409907278684
41.5285695611974
40.745325263174166
56.990006693072544
65.3101147532309
41.75203328100659
36.13726814864137
49.16070689950298
48.00418052407114
49.08958938751633
59.79279153550318
45.986133432995516
59.42715164592038
53.4088441212535
50.543212951542394
49.66460136567917
44.04768069064287
52.58565651406887
47.23333457278449
42.30127304647341
56.10540216458848
55.12375300122364
34.95943852085829
44.19751272929659
43.33051688393481
53.23497073430753
32.93994954043752
49.95087927918936
48.94340587670228
48.01383515270009
55.310488879607895
65.07833765031367
44.943791800941355
42.01282893026273
57.285191986775295
66.34061027082647
62.509609182608116
66.6958341816489
55.53073089174535
43.02559205293139
58.5845361184419
57.07943383030549
64.49649627108373
37.589801085669045
56.04504642037194
68.1435622820735
64.26812193882836
39.64358718915931
62.48216207743451
51.40757485966352
66.803056737486
52.138991170041436
62.807855862466916
56.33065639729797
44.354480280768456
66.92371967097021
48.31454493172994
66.15810364678605
50.63792500201528
73.16085812855093
52.76410597818769
51.632271585178174
39.34043530334759
56.5604702652034
56.63470022447494
43.64854067071826
54.04638631951979
43.65140968410016
73.0864054878626
53.21974275082701
62.17259897146355
54.67798333409748
37.02091311640485
53.16197192550848
47.44218177719996
47.46221494640988
48.194448535631565
51.97528139006341
38.690192056147524
43.749164411824836
45.49587365168912
30.64153977362587
54.58465583161797
54.55458307676805
48.76509153908238
42.88057900905946
65.7567500679075
45.950439713719675
50.32906576191646
40.651135304833005
